 2.98881100e+03 2.37900000e+00 9.00000000e-03 0.00000000e+00
 2.98881100e+03 2.23300000e+00 9.00000000e-03 1.00000000e+00
 2.98881100e+03 3.19200000e+00 1.40000000e-02 2.00000000e+00
 2.98881100e+03 4.56000000e+00 3.70000000e-02 3.00000000e+00
 2.99580400e+03 2.46500000e+00 1.00000000e-02 0.00000000e+00
 2.99580400e+03 2.22000000e+00 9.00000000e-03 1.00000000e+00
 2.99580400e+03 3.08800000e+00 1.30000000e-02 2.00000000e+00
 2.99580400e+03 4.38000000e+00 2.70000000e-02 3.00000000e+00
 3.00281900e+03 2.38300000e+00 7.00000000e-03 0.00000000e+00
 3.00281900e+03 2.32100000e+00 7.00000000e-03 1.00000000e+00
 3.00281900e+03 3.14700000e+00 9.00000000e-03 2.00000000e+00
 3.00281900e+03 4.49500000e+00 2.10000000e-02 3.00000000e+00
 3.01381900e+03 2.39800000e+00 8.00000000e-03 0.00000000e+00
 3.01381900e+03 2.38800000e+00 8.00000000e-03 1.00000000e+00
 3.01381900e+03 3.27000000e+00 1.30000000e-02 2.00000000e+00
 3.01381900e+03 4.59500000e+00 3.40000000e-02 3.00000000e+00
 3.02179000e+03 2.49500000e+00 9.00000000e-03 0.00000000e+00
 3.02179000e+03 2.34200000e+00 9.00000000e-03 1.00000000e+00
 3.02179000e+03 3.14400000e+00 1.30000000e-02 2.00000000e+00
 3.02179000e+03 4.49900000e+00 2.80000000e-02 3.00000000e+00
 3.02876500e+03 2.46000000e+00 7.00000000e-03 0.00000000e+00
 3.02876500e+03 2.36900000e+00 7.00000000e-03 1.00000000e+00
 3.02876500e+03 3.27100000e+00 1.00000000e-02 2.00000000e+00
 3.02876500e+03 4.49600000e+00 2.10000000e-02 3.00000000e+00
 3.03581500e+03 2.45400000e+00 7.00000000e-03 0.00000000e+00
 3.03581500e+03 2.38500000e+00 7.00000000e-03 1.00000000e+00
 3.03581500e+03 3.28400000e+00 1.00000000e-02 2.00000000e+00
 3.03581500e+03 4.51200000e+00 2.10000000e-02 3.00000000e+00
 3.03975800e+03 2.46100000e+00 8.00000000e-03 0.00000000e+00
 3.03975800e+03 2.40400000e+00 8.00000000e-03 1.00000000e+00
 3.03975800e+03 3.23200000e+00 1.20000000e-02 2.00000000e+00
 3.03975800e+03 4.63900000e+00 3.50000000e-02 3.00000000e+00
 3.04278300e+03 2.47900000e+00 1.20000000e-02 0.00000000e+00
 3.04278300e+03 2.33400000e+00 1.10000000e-02 1.00000000e+00
 3.04278300e+03 3.26400000e+00 2.10000000e-02 2.00000000e+00
 3.04278300e+03 4.59100000e+00 5.90000000e-02 3.00000000e+00
 3.04673400e+03 2.44000000e+00 9.00000000e-03 0.00000000e+00
 3.04673400e+03 2.36100000e+00 9.00000000e-03 1.00000000e+00
 3.04673400e+03 3.24900000e+00 1.50000000e-02 2.00000000e+00
 3.04673400e+03 4.54700000e+00 4.00000000e-02 3.00000000e+00
 3.05076900e+03 2.44300000e+00 7.00000000e-03 0.00000000e+00
 3.05076900e+03 2.36100000e+00 6.00000000e-03 1.00000000e+00
 3.05076900e+03 3.21600000e+00 9.00000000e-03 2.00000000e+00
 3.05076900e+03 4.54700000e+00 2.00000000e-02 3.00000000e+00
 3.05291800e+03 2.50500000e+00 6.00000000e-03 0.00000000e+00
 3.05291800e+03 2.36500000e+00 6.00000000e-03 1.00000000e+00
 3.05291800e+03 3.34100000e+00 8.00000000e-03 2.00000000e+00
 3.05291800e+03 4.74000000e+00 2.00000000e-02 3.00000000e+00
 3.05571300e+03 2.49100000e+00 9.00000000e-03 0.00000000e+00
 3.05571300e+03 2.32800000e+00 8.00000000e-03 1.00000000e+00
 3.05571300e+03 3.21300000e+00 1.20000000e-02 2.00000000e+00
 3.05571300e+03 4.55500000e+00 2.70000000e-02 3.00000000e+00
 3.05870700e+03 2.45700000e+00 7.00000000e-03 0.00000000e+00
 3.05870700e+03 2.32400000e+00 7.00000000e-03 1.00000000e+00
 3.05870700e+03 3.27100000e+00 1.00000000e-02 2.00000000e+00
 3.05870700e+03 4.56700000e+00 2.10000000e-02 3.00000000e+00
 3.06371200e+03 2.46600000e+00 8.00000000e-03 0.00000000e+00
 3.06371200e+03 2.37700000e+00 7.00000000e-03 1.00000000e+00
 3.06371200e+03 3.27100000e+00 1.10000000e-02 2.00000000e+00
 3.06371200e+03 4.57400000e+00 2.60000000e-02 3.00000000e+00
 3.06673900e+03 2.51800000e+00 1.10000000e-02 0.00000000e+00
 3.06673900e+03 2.32200000e+00 1.00000000e-02 1.00000000e+00
 3.06673900e+03 3.24300000e+00 1.50000000e-02 2.00000000e+00
 3.06673900e+03 4.58200000e+00 3.30000000e-02 3.00000000e+00
 3.06776000e+03 2.48000000e+00 8.00000000e-03 0.00000000e+00
 3.06776000e+03 2.35000000e+00 8.00000000e-03 1.00000000e+00
 3.06776000e+03 3.25600000e+00 1.20000000e-02 2.00000000e+00
 3.06776000e+03 4.57300000e+00 2.80000000e-02 3.00000000e+00
 3.07068600e+03 2.46000000e+00 1.10000000e-02 0.00000000e+00
 3.07068600e+03 2.33700000e+00 1.00000000e-02 1.00000000e+00
 3.07068600e+03 3.23200000e+00 1.80000000e-02 2.00000000e+00
 3.07068600e+03 4.53800000e+00 4.50000000e-02 3.00000000e+00
 3.07467400e+03 2.47100000e+00 1.00000000e-02 0.00000000e+00
 3.07467400e+03 2.31100000e+00 1.00000000e-02 1.00000000e+00
 3.07467400e+03 3.24100000e+00 1.70000000e-02 2.00000000e+00
 3.07467400e+03 4.56900000e+00 4.20000000e-02 3.00000000e+00
 3.07982500e+03 2.43100000e+00 5.00000000e-03 0.00000000e+00
 3.07982500e+03 2.23700000e+00 5.00000000e-03 1.00000000e+00
 3.07982500e+03 3.22500000e+00 7.00000000e-03 2.00000000e+00
 3.07982500e+03 4.51700000e+00 1.50000000e-02 3.00000000e+00
 3.08171500e+03 2.46700000e+00 7.00000000e-03 0.00000000e+00
 3.08171500e+03 2.26300000e+00 7.00000000e-03 1.00000000e+00
 3.08171500e+03 3.23000000e+00 1.00000000e-02 2.00000000e+00
 3.08171500e+03 4.64200000e+00 2.30000000e-02 3.00000000e+00
 3.08485200e+03 2.29400000e+00 4.00000000e-03 0.00000000e+00
 3.08485200e+03 2.15800000e+00 4.00000000e-03 1.00000000e+00
 3.08485200e+03 3.16800000e+00 5.00000000e-03 2.00000000e+00
 3.08485200e+03 4.63300000e+00 1.20000000e-02 3.00000000e+00
 3.08861600e+03 2.43700000e+00 7.00000000e-03 0.00000000e+00
 3.08861600e+03 2.25400000e+00 7.00000000e-03 1.00000000e+00
 3.08861600e+03 3.22400000e+00 1.10000000e-02 2.00000000e+00
 3.08861600e+03 4.61000000e+00 2.40000000e-02 3.00000000e+00
 3.09257400e+03 2.40500000e+00 7.00000000e-03 0.00000000e+00
 3.09257400e+03 2.27500000e+00 7.00000000e-03 1.00000000e+00
 3.09257400e+03 3.19200000e+00 1.00000000e-02 2.00000000e+00
 3.09257400e+03 4.62900000e+00 2.50000000e-02 3.00000000e+00
 3.10373500e+03 2.39300000e+00 9.00000000e-03 0.00000000e+00
 3.10373500e+03 2.22200000e+00 8.00000000e-03 1.00000000e+00
 3.10373500e+03 3.17300000e+00 1.40000000e-02 2.00000000e+00
 3.10373500e+03 4.72100000e+00 4.70000000e-02 3.00000000e+00
 3.10466200e+03 2.33300000e+00 4.00000000e-03 0.00000000e+00
 3.10466200e+03 2.16800000e+00 4.00000000e-03 1.00000000e+00
 3.10466200e+03 3.17700000e+00 5.00000000e-03 2.00000000e+00
 3.10466200e+03 4.83700000e+00 1.40000000e-02 3.00000000e+00
 3.10761200e+03 2.37800000e+00 7.00000000e-03 0.00000000e+00
 3.10761200e+03 2.24100000e+00 7.00000000e-03 1.00000000e+00
 3.10761200e+03 3.14200000e+00 1.00000000e-02 2.00000000e+00
 3.10761200e+03 4.66900000e+00 2.50000000e-02 3.00000000e+00
 3.11159600e+03 2.38300000e+00 8.00000000e-03 0.00000000e+00
 3.11159600e+03 2.24400000e+00 8.00000000e-03 1.00000000e+00
 3.11159600e+03 3.17100000e+00 1.20000000e-02 2.00000000e+00
 3.11159600e+03 4.66900000e+00 3.20000000e-02 3.00000000e+00
 3.11462000e+03 2.37500000e+00 7.00000000e-03 0.00000000e+00
 3.11462000e+03 2.21100000e+00 7.00000000e-03 1.00000000e+00
 3.11462000e+03 3.15700000e+00 1.00000000e-02 2.00000000e+00
 3.11462000e+03 4.67600000e+00 2.50000000e-02 3.00000000e+00
 3.12959700e+03 2.30000000e+00 9.00000000e-03 0.00000000e+00
 3.12959700e+03 2.16000000e+00 8.00000000e-03 1.00000000e+00
 3.12959700e+03 3.11700000e+00 1.40000000e-02 2.00000000e+00
 3.12959700e+03 4.60100000e+00 4.40000000e-02 3.00000000e+00
 3.13260900e+03 2.31500000e+00 1.10000000e-02 0.00000000e+00
 3.13260900e+03 2.10000000e+00 1.10000000e-02 1.00000000e+00
 3.13260900e+03 3.10500000e+00 1.70000000e-02 2.00000000e+00
 3.13260900e+03 4.63200000e+00 4.40000000e-02 3.00000000e+00
 3.13371800e+03 2.32900000e+00 1.10000000e-02 0.00000000e+00
 3.13371800e+03 2.10300000e+00 1.10000000e-02 1.00000000e+00
 3.13371800e+03 3.06500000e+00 1.50000000e-02 2.00000000e+00
 3.13371800e+03 4.61300000e+00 3.20000000e-02 3.00000000e+00
 3.13647300e+03 2.32100000e+00 1.00000000e-02 0.00000000e+00
 3.13647300e+03 2.08600000e+00 9.00000000e-03 1.00000000e+00
 3.13647300e+03 3.07400000e+00 1.40000000e-02 2.00000000e+00
 3.13647300e+03 4.64600000e+00 3.60000000e-02 3.00000000e+00
 3.13950300e+03 2.26600000e+00 7.00000000e-03 0.00000000e+00
 3.13950300e+03 2.09900000e+00 7.00000000e-03 1.00000000e+00
 3.13950300e+03 3.06000000e+00 1.00000000e-02 2.00000000e+00
 3.13950300e+03 4.66700000e+00 2.70000000e-02 3.00000000e+00
 3.15051200e+03 2.25400000e+00 8.00000000e-03 0.00000000e+00
 3.15051200e+03 2.08700000e+00 8.00000000e-03 1.00000000e+00
 3.15051200e+03 3.07900000e+00 1.20000000e-02 2.00000000e+00
 3.15051200e+03 4.69200000e+00 3.00000000e-02 3.00000000e+00
 3.15348800e+03 2.22200000e+00 8.00000000e-03 0.00000000e+00
 3.15348800e+03 2.11000000e+00 8.00000000e-03 1.00000000e+00
 3.15348800e+03 3.11500000e+00 1.40000000e-02 2.00000000e+00
 3.15348800e+03 4.70800000e+00 4.60000000e-02 3.00000000e+00
 3.16148300e+03 2.24800000e+00 1.40000000e-02 0.00000000e+00
 3.16148300e+03 2.08900000e+00 1.30000000e-02 1.00000000e+00
 3.16148300e+03 3.05900000e+00 2.20000000e-02 2.00000000e+00
 3.16148300e+03 4.60100000e+00 5.30000000e-02 3.00000000e+00
 3.16446600e+03 2.23100000e+00 7.00000000e-03 0.00000000e+00
 3.16446600e+03 2.17000000e+00 7.00000000e-03 1.00000000e+00
 3.16446600e+03 3.06400000e+00 1.10000000e-02 2.00000000e+00
 3.16446600e+03 4.63200000e+00 2.70000000e-02 3.00000000e+00
 3.16955500e+03 2.25600000e+00 8.00000000e-03 0.00000000e+00
 3.16955500e+03 2.13900000e+00 8.00000000e-03 1.00000000e+00
 3.16955500e+03 3.12400000e+00 1.30000000e-02 2.00000000e+00
 3.16955500e+03 4.60900000e+00 2.90000000e-02 3.00000000e+00
 3.17250500e+03 2.20000000e+00 7.00000000e-03 0.00000000e+00
 3.17250500e+03 2.19600000e+00 7.00000000e-03 1.00000000e+00
 3.17250500e+03 3.08900000e+00 1.00000000e-02 2.00000000e+00
 3.17250500e+03 4.60200000e+00 2.70000000e-02 3.00000000e+00
 3.17848500e+03 2.25800000e+00 1.10000000e-02 0.00000000e+00
 3.17848500e+03 2.17100000e+00 1.20000000e-02 1.00000000e+00
 3.17848500e+03 3.09000000e+00 1.80000000e-02 2.00000000e+00
 3.17848500e+03 4.79000000e+00 4.90000000e-02 3.00000000e+00
 3.18347300e+03 2.22000000e+00 9.00000000e-03 0.00000000e+00
 3.18347300e+03 2.23400000e+00 9.00000000e-03 1.00000000e+00
 3.18347300e+03 3.19500000e+00 1.60000000e-02 2.00000000e+00
 3.18347300e+03 4.55700000e+00 3.80000000e-02 3.00000000e+00
 3.18551300e+03 2.22400000e+00 9.00000000e-03 0.00000000e+00
 3.18551300e+03 2.23700000e+00 1.00000000e-02 1.00000000e+00
 3.18551300e+03 3.19800000e+00 1.70000000e-02 2.00000000e+00
 3.18551300e+03 4.61900000e+00 4.30000000e-02 3.00000000e+00
 3.18947100e+03 2.25000000e+00 1.20000000e-02 0.00000000e+00
 3.18947100e+03 2.25100000e+00 1.30000000e-02 1.00000000e+00
 3.18947100e+03 3.19300000e+00 2.20000000e-02 2.00000000e+00
 3.18947100e+03 4.59100000e+00 5.00000000e-02 3.00000000e+00
 3.19247200e+03 2.27500000e+00 1.00000000e-02 0.00000000e+00
 3.19247200e+03 2.23300000e+00 1.10000000e-02 1.00000000e+00
 3.19247200e+03 3.20800000e+00 1.70000000e-02 2.00000000e+00
 3.19247200e+03 4.63700000e+00 3.70000000e-02 3.00000000e+00
 3.20147400e+03 2.28100000e+00 1.00000000e-02 0.00000000e+00
 3.20147400e+03 2.26100000e+00 1.10000000e-02 1.00000000e+00
 3.20147400e+03 3.16600000e+00 1.70000000e-02 2.00000000e+00
 3.20147400e+03 4.54000000e+00 3.60000000e-02 3.00000000e+00
 3.21047500e+03 2.33700000e+00 3.20000000e-02 0.00000000e+00
 3.21047500e+03 2.34400000e+00 3.60000000e-02 1.00000000e+00
 3.21047500e+03 3.27900000e+00 7.10000000e-02 2.00000000e+00
 3.21047500e+03 4.87000000e+00 2.31000000e-01 3.00000000e+00
 3.34477800e+03 2.59500000e+00 1.20000000e-02 0.00000000e+00
 3.34477800e+03 2.80500000e+00 1.60000000e-02 1.00000000e+00
 3.34477800e+03 3.51800000e+00 2.60000000e-02 2.00000000e+00
 3.34477800e+03 4.82900000e+00 5.60000000e-02 3.00000000e+00
 3.34880700e+03 2.61400000e+00 8.00000000e-03 0.00000000e+00
 3.34880700e+03 2.85300000e+00 1.00000000e-02 1.00000000e+00
 3.34880700e+03 3.51200000e+00 1.50000000e-02 2.00000000e+00
 3.34880700e+03 4.80800000e+00 3.30000000e-02 3.00000000e+00
 3.35280900e+03 2.64400000e+00 1.00000000e-02 0.00000000e+00
 3.35280900e+03 2.85700000e+00 1.20000000e-02 1.00000000e+00
 3.35280900e+03 3.55000000e+00 1.80000000e-02 2.00000000e+00
 3.35280900e+03 4.77600000e+00 3.60000000e-02 3.00000000e+00
 3.35580700e+03 2.66300000e+00 1.00000000e-02 0.00000000e+00
 3.35580700e+03 2.90300000e+00 1.20000000e-02 1.00000000e+00
 3.35580700e+03 3.59800000e+00 1.80000000e-02 2.00000000e+00
 3.35580700e+03 4.79100000e+00 3.60000000e-02 3.00000000e+00
 3.35777700e+03 2.67900000e+00 1.00000000e-02 0.00000000e+00
 3.35777700e+03 2.93300000e+00 1.20000000e-02 1.00000000e+00
 3.35777700e+03 3.56800000e+00 1.80000000e-02 2.00000000e+00
 3.35777700e+03 4.76900000e+00 3.50000000e-02 3.00000000e+00
 3.35977400e+03 2.73000000e+00 1.10000000e-02 0.00000000e+00
 3.35977400e+03 2.90000000e+00 1.30000000e-02 1.00000000e+00
 3.35977400e+03 3.58000000e+00 2.00000000e-02 2.00000000e+00
 3.35977400e+03 4.75000000e+00 3.70000000e-02 3.00000000e+00
 3.36278400e+03 2.71000000e+00 1.00000000e-02 0.00000000e+00
 3.36278400e+03 2.92300000e+00 1.30000000e-02 1.00000000e+00
 3.36278400e+03 3.64900000e+00 2.00000000e-02 2.00000000e+00
 3.36278400e+03 4.78900000e+00 4.20000000e-02 3.00000000e+00
 3.36879600e+03 2.74800000e+00 1.20000000e-02 0.00000000e+00
 3.36879600e+03 2.92000000e+00 1.50000000e-02 1.00000000e+00
 3.36879600e+03 3.58200000e+00 2.30000000e-02 2.00000000e+00
 3.36879600e+03 4.75600000e+00 5.20000000e-02 3.00000000e+00
 3.37373100e+03 2.71800000e+00 1.40000000e-02 0.00000000e+00
 3.37373100e+03 2.88100000e+00 1.80000000e-02 1.00000000e+00
 3.37373100e+03 3.59900000e+00 3.00000000e-02 2.00000000e+00
 3.37373100e+03 4.90800000e+00 6.80000000e-02 3.00000000e+00
 3.37572800e+03 2.79500000e+00 1.20000000e-02 0.00000000e+00
 3.37572800e+03 2.82900000e+00 1.30000000e-02 1.00000000e+00
 3.37572800e+03 3.51500000e+00 2.00000000e-02 2.00000000e+00
 3.37572800e+03 4.69500000e+00 3.90000000e-02 3.00000000e+00
 3.38075000e+03 2.71000000e+00 1.10000000e-02 0.00000000e+00
 3.38075000e+03 2.84100000e+00 1.30000000e-02 1.00000000e+00
 3.38075000e+03 3.58800000e+00 2.10000000e-02 2.00000000e+00
 3.38075000e+03 4.75300000e+00 4.30000000e-02 3.00000000e+00
 3.38176200e+03 2.72100000e+00 1.00000000e-02 0.00000000e+00
 3.38176200e+03 2.80800000e+00 1.10000000e-02 1.00000000e+00
 3.38176200e+03 3.56700000e+00 1.70000000e-02 2.00000000e+00
 3.38176200e+03 4.74300000e+00 3.30000000e-02 3.00000000e+00
 3.38372200e+03 2.69800000e+00 9.00000000e-03 0.00000000e+00
 3.38372200e+03 2.83400000e+00 1.00000000e-02 1.00000000e+00
 3.38372200e+03 3.56500000e+00 1.50000000e-02 2.00000000e+00
 3.38372200e+03 4.76300000e+00 3.20000000e-02 3.00000000e+00
 3.38592000e+03 2.74100000e+00 7.00000000e-03 0.00000000e+00
 3.38592000e+03 2.82500000e+00 8.00000000e-03 1.00000000e+00
 3.38592000e+03 3.63300000e+00 1.20000000e-02 2.00000000e+00
 3.38592000e+03 5.00200000e+00 3.00000000e-02 3.00000000e+00
 3.39570800e+03 2.70300000e+00 1.40000000e-02 0.00000000e+00
 3.39570800e+03 2.84200000e+00 1.60000000e-02 1.00000000e+00
 3.39570800e+03 3.64900000e+00 3.00000000e-02 2.00000000e+00
 3.39570800e+03 4.82800000e+00 7.30000000e-02 3.00000000e+00
 3.39874500e+03 2.68300000e+00 1.20000000e-02 0.00000000e+00
 3.39874500e+03 2.90300000e+00 1.40000000e-02 1.00000000e+00
 3.39874500e+03 3.58000000e+00 2.30000000e-02 2.00000000e+00
 3.39874500e+03 4.69800000e+00 5.10000000e-02 3.00000000e+00
 3.40273600e+03 2.68000000e+00 9.00000000e-03 0.00000000e+00
 3.40273600e+03 2.88600000e+00 1.00000000e-02 1.00000000e+00
 3.40273600e+03 3.63600000e+00 1.60000000e-02 2.00000000e+00
 3.40273600e+03 4.73100000e+00 3.50000000e-02 3.00000000e+00
 3.40483300e+03 2.72000000e+00 1.00000000e-02 0.00000000e+00
 3.40483300e+03 2.88400000e+00 1.20000000e-02 1.00000000e+00
 3.40483300e+03 3.57500000e+00 1.70000000e-02 2.00000000e+00
 3.40483300e+03 4.76800000e+00 3.50000000e-02 3.00000000e+00
 3.40777300e+03 2.73300000e+00 1.10000000e-02 0.00000000e+00
 3.40777300e+03 2.88600000e+00 1.30000000e-02 1.00000000e+00
 3.40777300e+03 3.66400000e+00 2.00000000e-02 2.00000000e+00
 3.40777300e+03 4.74100000e+00 3.50000000e-02 3.00000000e+00
 3.40980000e+03 2.72400000e+00 9.00000000e-03 0.00000000e+00
 3.40980000e+03 2.93500000e+00 1.00000000e-02 1.00000000e+00
 3.40980000e+03 3.65300000e+00 1.50000000e-02 2.00000000e+00
 3.40980000e+03 4.76000000e+00 2.90000000e-02 3.00000000e+00
 3.41182600e+03 2.74100000e+00 1.00000000e-02 0.00000000e+00
 3.41182600e+03 2.92500000e+00 1.20000000e-02 1.00000000e+00
 3.41182600e+03 3.63700000e+00 1.80000000e-02 2.00000000e+00
 3.41182600e+03 4.72400000e+00 3.30000000e-02 3.00000000e+00
 3.41480900e+03 2.71700000e+00 9.00000000e-03 0.00000000e+00
 3.41480900e+03 2.96700000e+00 1.10000000e-02 1.00000000e+00
 3.41480900e+03 3.62400000e+00 1.60000000e-02 2.00000000e+00
 3.41480900e+03 4.78600000e+00 3.30000000e-02 3.00000000e+00
 3.42080700e+03 2.81300000e+00 1.20000000e-02 0.00000000e+00
 3.42080700e+03 2.92600000e+00 1.40000000e-02 1.00000000e+00
 3.42080700e+03 3.62600000e+00 2.10000000e-02 2.00000000e+00
 3.42080700e+03 4.71200000e+00 3.60000000e-02 3.00000000e+00
 3.42277400e+03 2.75000000e+00 1.00000000e-02 0.00000000e+00
 3.42277400e+03 3.02100000e+00 1.30000000e-02 1.00000000e+00
 3.42277400e+03 3.73000000e+00 2.00000000e-02 2.00000000e+00
 3.42277400e+03 4.84400000e+00 4.40000000e-02 3.00000000e+00
 3.43075200e+03 2.79200000e+00 1.20000000e-02 0.00000000e+00
 3.43075200e+03 3.02500000e+00 1.60000000e-02 1.00000000e+00
 3.43075200e+03 3.63100000e+00 2.30000000e-02 2.00000000e+00
 3.43075200e+03 4.84500000e+00 5.10000000e-02 3.00000000e+00
 3.43288200e+03 2.79400000e+00 1.50000000e-02 0.00000000e+00
 3.43288200e+03 2.79500000e+00 2.00000000e-02 1.00000000e+00
 3.43288200e+03 3.75100000e+00 3.20000000e-02 2.00000000e+00
 3.43288200e+03 4.82300000e+00 5.90000000e-02 3.00000000e+00
 3.44274700e+03 2.83100000e+00 1.00000000e-02 0.00000000e+00
 3.44274700e+03 3.05800000e+00 1.20000000e-02 1.00000000e+00
 3.44274700e+03 3.69600000e+00 1.70000000e-02 2.00000000e+00
 3.44274700e+03 4.81500000e+00 3.40000000e-02 3.00000000e+00
 3.44472500e+03 2.84100000e+00 9.00000000e-03 0.00000000e+00
 3.44472500e+03 3.06600000e+00 1.10000000e-02 1.00000000e+00
 3.44472500e+03 3.75100000e+00 1.60000000e-02 2.00000000e+00
 3.44472500e+03 4.92000000e+00 3.40000000e-02 3.00000000e+00
 3.44667500e+03 2.86800000e+00 1.00000000e-02 0.00000000e+00
 3.44667500e+03 3.06100000e+00 1.20000000e-02 1.00000000e+00
 3.44667500e+03 3.72300000e+00 1.70000000e-02 2.00000000e+00
 3.44667500e+03 4.87600000e+00 3.50000000e-02 3.00000000e+00
 3.44871200e+03 2.85300000e+00 9.00000000e-03 0.00000000e+00
 3.44871200e+03 3.08700000e+00 1.10000000e-02 1.00000000e+00
 3.44871200e+03 3.75300000e+00 1.60000000e-02 2.00000000e+00
 3.44871200e+03 4.87500000e+00 3.40000000e-02 3.00000000e+00
 3.45964900e+03 2.87300000e+00 1.20000000e-02 0.00000000e+00
 3.45964900e+03 3.06300000e+00 1.40000000e-02 1.00000000e+00
 3.45964900e+03 3.68100000e+00 2.10000000e-02 2.00000000e+00
 3.45964900e+03 5.12700000e+00 6.00000000e-02 3.00000000e+00
 3.46259800e+03 2.88800000e+00 1.20000000e-02 0.00000000e+00
 3.46259800e+03 3.04900000e+00 1.50000000e-02 1.00000000e+00
 3.46259800e+03 3.72400000e+00 2.20000000e-02 2.00000000e+00
 3.46259800e+03 4.94000000e+00 4.30000000e-02 3.00000000e+00
 3.46281700e+03 2.88400000e+00 9.00000000e-03 0.00000000e+00
 3.46281700e+03 3.00300000e+00 1.00000000e-02 1.00000000e+00
 3.46281700e+03 3.92700000e+00 1.70000000e-02 2.00000000e+00
 3.46281700e+03 5.16600000e+00 3.70000000e-02 3.00000000e+00
 3.46460400e+03 2.92100000e+00 1.40000000e-02 0.00000000e+00
 3.46460400e+03 3.02400000e+00 1.60000000e-02 1.00000000e+00
 3.46460400e+03 3.72900000e+00 2.40000000e-02 2.00000000e+00
 3.46460400e+03 4.95500000e+00 4.70000000e-02 3.00000000e+00
 3.46953500e+03 2.92500000e+00 1.00000000e-02 0.00000000e+00
 3.46953500e+03 3.08300000e+00 1.20000000e-02 1.00000000e+00
 3.46953500e+03 3.74000000e+00 1.80000000e-02 2.00000000e+00
 3.46953500e+03 4.97500000e+00 3.90000000e-02 3.00000000e+00
 3.47260700e+03 2.97000000e+00 1.50000000e-02 0.00000000e+00
 3.47260700e+03 2.98600000e+00 1.70000000e-02 1.00000000e+00
 3.47260700e+03 3.64500000e+00 2.40000000e-02 2.00000000e+00
 3.47260700e+03 4.89400000e+00 5.00000000e-02 3.00000000e+00
 3.47474400e+03 3.00000000e+00 1.30000000e-02 1.00000000e+00
 3.47474400e+03 3.71400000e+00 2.10000000e-02 2.00000000e+00
 3.47474400e+03 4.99100000e+00 4.70000000e-02 3.00000000e+00
 3.47668300e+03 2.93200000e+00 1.10000000e-02 0.00000000e+00
 3.47668300e+03 2.96800000e+00 1.20000000e-02 1.00000000e+00
 3.47668300e+03 3.69900000e+00 1.80000000e-02 2.00000000e+00
 3.47668300e+03 4.90200000e+00 3.80000000e-02 3.00000000e+00
 3.47859100e+03 2.87900000e+00 1.00000000e-02 0.00000000e+00
 3.47859100e+03 3.01100000e+00 1.20000000e-02 1.00000000e+00
 3.47859100e+03 3.71500000e+00 1.80000000e-02 2.00000000e+00
 3.47859100e+03 4.89300000e+00 4.10000000e-02 3.00000000e+00
 3.48657700e+03 2.86700000e+00 2.20000000e-02 0.00000000e+00
 3.48657700e+03 3.00600000e+00 2.80000000e-02 1.00000000e+00
 3.48657700e+03 3.68000000e+00 4.40000000e-02 2.00000000e+00
 3.48657700e+03 5.16600000e+00 1.21000000e-01 3.00000000e+00
 3.49163000e+03 2.86500000e+00 1.00000000e-02 0.00000000e+00
 3.49163000e+03 2.95700000e+00 1.20000000e-02 1.00000000e+00
 3.49163000e+03 3.71400000e+00 1.80000000e-02 2.00000000e+00
 3.49163000e+03 4.92700000e+00 3.90000000e-02 3.00000000e+00
 3.50153800e+03 2.83700000e+00 1.20000000e-02 0.00000000e+00
 3.50153800e+03 2.97700000e+00 1.40000000e-02 1.00000000e+00
 3.50153800e+03 3.65200000e+00 2.00000000e-02 2.00000000e+00
 3.50153800e+03 5.01000000e+00 5.10000000e-02 3.00000000e+00
 3.50353800e+03 2.81800000e+00 1.30000000e-02 0.00000000e+00
 3.50353800e+03 3.01400000e+00 1.50000000e-02 1.00000000e+00
 3.50353800e+03 3.68300000e+00 2.30000000e-02 2.00000000e+00
 3.50353800e+03 4.97700000e+00 5.70000000e-02 3.00000000e+00
 3.50654800e+03 2.85200000e+00 1.30000000e-02 0.00000000e+00
 3.50654800e+03 2.98300000e+00 1.60000000e-02 1.00000000e+00
 3.50654800e+03 3.72300000e+00 2.60000000e-02 2.00000000e+00
 3.50654800e+03 5.11800000e+00 6.50000000e-02 3.00000000e+00
 3.50852100e+03 2.84100000e+00 1.70000000e-02 0.00000000e+00
 3.50852100e+03 3.00100000e+00 2.10000000e-02 1.00000000e+00
 3.50852100e+03 3.71400000e+00 3.50000000e-02 2.00000000e+00
 3.50852100e+03 4.92200000e+00 8.00000000e-02 3.00000000e+00
 3.51154600e+03 2.82000000e+00 1.30000000e-02 0.00000000e+00
 3.51154600e+03 3.05900000e+00 1.60000000e-02 1.00000000e+00
 3.51154600e+03 3.82000000e+00 2.80000000e-02 2.00000000e+00
 3.51154600e+03 5.07500000e+00 7.00000000e-02 3.00000000e+00
 3.51251900e+03 2.82400000e+00 1.30000000e-02 0.00000000e+00
 3.51251900e+03 3.03300000e+00 1.50000000e-02 1.00000000e+00
 3.51251900e+03 3.75900000e+00 2.60000000e-02 2.00000000e+00
 3.51251900e+03 5.16500000e+00 7.80000000e-02 3.00000000e+00
 3.52060100e+03 2.93000000e+00 1.50000000e-02 0.00000000e+00
 3.52060100e+03 2.99700000e+00 1.80000000e-02 1.00000000e+00
 3.52060100e+03 3.72500000e+00 2.70000000e-02 2.00000000e+00
 3.52060100e+03 5.08700000e+00 6.10000000e-02 3.00000000e+00
 3.52157300e+03 2.86100000e+00 1.20000000e-02 0.00000000e+00
 3.52157300e+03 3.10500000e+00 1.40000000e-02 1.00000000e+00
 3.52157300e+03 3.72200000e+00 2.00000000e-02 2.00000000e+00
 3.52157300e+03 5.04600000e+00 5.40000000e-02 3.00000000e+00
 3.52354500e+03 2.92900000e+00 1.10000000e-02 0.00000000e+00
 3.52354500e+03 3.03600000e+00 1.30000000e-02 1.00000000e+00
 3.52354500e+03 3.75800000e+00 2.00000000e-02 2.00000000e+00
 3.52354500e+03 5.01700000e+00 4.30000000e-02 3.00000000e+00
 3.52556800e+03 2.91300000e+00 1.20000000e-02 0.00000000e+00
 3.52556800e+03 2.99300000e+00 1.40000000e-02 1.00000000e+00
 3.52556800e+03 3.71200000e+00 2.10000000e-02 2.00000000e+00
 3.52556800e+03 4.99600000e+00 4.60000000e-02 3.00000000e+00
 3.52850800e+03 2.89300000e+00 1.00000000e-02 0.00000000e+00
 3.52850800e+03 3.05000000e+00 1.10000000e-02 1.00000000e+00
 3.52850800e+03 3.75200000e+00 1.60000000e-02 2.00000000e+00
 3.52850800e+03 5.07900000e+00 4.20000000e-02 3.00000000e+00
 3.52951100e+03 2.91100000e+00 1.10000000e-02 0.00000000e+00
 3.52951100e+03 3.01200000e+00 1.20000000e-02 1.00000000e+00
 3.52951100e+03 3.72900000e+00 1.80000000e-02 2.00000000e+00
 3.52951100e+03 5.08700000e+00 4.50000000e-02 3.00000000e+00
 3.54251700e+03 2.85500000e+00 2.40000000e-02 0.00000000e+00
 3.54251700e+03 2.83700000e+00 2.60000000e-02 1.00000000e+00
 3.54251700e+03 3.65300000e+00 4.70000000e-02 2.00000000e+00
 3.54251700e+03 5.10400000e+00 1.37000000e-01 3.00000000e+00
 3.55055800e+03 2.81000000e+00 2.70000000e-02 0.00000000e+00
 3.55055800e+03 2.67200000e+00 2.60000000e-02 1.00000000e+00
 3.55055800e+03 3.57500000e+00 4.80000000e-02 2.00000000e+00
 3.55055800e+03 5.20200000e+00 1.55000000e-01 3.00000000e+00
 3.56945800e+03 2.59900000e+00 1.30000000e-02 0.00000000e+00
 3.56945800e+03 2.60200000e+00 1.40000000e-02 1.00000000e+00
 3.56945800e+03 3.46800000e+00 2.50000000e-02 2.00000000e+00
 3.56945800e+03 5.26800000e+00 1.07000000e-01 3.00000000e+00
 3.57049300e+03 2.62300000e+00 2.20000000e-02 0.00000000e+00
 3.57049300e+03 2.53100000e+00 2.20000000e-02 1.00000000e+00
 3.57049300e+03 3.46400000e+00 4.20000000e-02 2.00000000e+00
 3.57049300e+03 5.36100000e+00 1.71000000e-01 3.00000000e+00
 3.57049300e+03 2.62300000e+00 2.20000000e-02 0.00000000e+00
 3.57049300e+03 2.53100000e+00 2.20000000e-02 1.00000000e+00
 3.57049300e+03 3.46400000e+00 4.20000000e-02 2.00000000e+00
 3.57049300e+03 5.36100000e+00 1.71000000e-01 3.00000000e+00
 3.57847500e+03 2.59000000e+00 1.10000000e-02 0.00000000e+00
 3.57847500e+03 2.52100000e+00 1.20000000e-02 1.00000000e+00
 3.57847500e+03 3.43100000e+00 1.90000000e-02 2.00000000e+00
 3.57847500e+03 5.04000000e+00 5.50000000e-02 3.00000000e+00
 3.58047800e+03 2.57200000e+00 1.90000000e-02 0.00000000e+00
 3.58047800e+03 2.52700000e+00 2.00000000e-02 1.00000000e+00
 3.58047800e+03 3.39500000e+00 3.60000000e-02 2.00000000e+00
 3.58047800e+03 5.85400000e+00 2.38000000e-01 3.00000000e+00
 3.58247800e+03 2.60700000e+00 2.60000000e-02 0.00000000e+00
 3.58247800e+03 2.45800000e+00 2.50000000e-02 1.00000000e+00
 3.58247800e+03 3.35200000e+00 4.00000000e-02 2.00000000e+00
 3.58247800e+03 5.37000000e+00 1.40000000e-01 3.00000000e+00
 3.58346100e+03 2.55800000e+00 2.40000000e-02 0.00000000e+00
 3.58346100e+03 2.50000000e+00 2.60000000e-02 1.00000000e+00
 3.58346100e+03 3.32100000e+00 4.40000000e-02 2.00000000e+00
 3.58346100e+03 5.54900000e+00 2.20000000e-01 3.00000000e+00
